.Random.seed <-
c(403L, 10L, 1253091650L, -41187596L, 2042204919L, -1535835411L, 
1923358084L, -1144613974L, -17127147L, -1486953553L, -640894026L, 
524100064L, -315145949L, -1608681919L, -1362806480L, -1597437106L, 
-1294036551L, 1711311819L, -1058865030L, -1444191876L, 353300927L, 
1345736341L, -721816404L, 1831378562L, 1404253789L, -926754473L, 
-1682193346L, 1254049912L, 1503400795L, 1998163641L, -1613970680L, 
-1612809802L, 1730873073L, 1065849123L, 1804256114L, 1885530564L, 
-2103012985L, -1720882339L, 488908116L, -163952774L, -75749691L, 
1776298015L, 1139396518L, 2061381936L, 195865555L, 337736177L, 
-1533995232L, -1727274562L, -505441847L, -1246247557L, -624135350L, 
-354421844L, -1877484881L, -434624411L, 248596508L, -1647163790L, 
-1428940563L, -1172645593L, 1427293518L, 1876592040L, -294993493L, 
-2125497655L, -181015848L, 139188102L, -646264223L, -1062005773L, 
-837466526L, 577216724L, 1331210711L, -793289779L, -1652068508L, 
628243274L, 377014965L, 1084029455L, 1589222166L, -193415744L, 
-1401395837L, 1642933153L, 1935897488L, -842878866L, -860416487L, 
1563899563L, -1265300838L, -1990724004L, -1837669537L, -1304765131L, 
1320504524L, -1212664286L, -778696579L, 1971581303L, 2136170142L, 
-1765257896L, -867124037L, 110494297L, -1814976024L, -479507434L, 
1901197201L, -428943293L, -1528881326L, 1900667876L, 299973159L, 
1082413693L, -35845260L, 1733355354L, 39674277L, 1849294271L, 
1258954310L, 473279696L, -2018507021L, 1097236497L, -808982976L, 
174574110L, -742734615L, -1707020773L, 1792478762L, -885034676L, 
1863858959L, 1328623173L, 1624676348L, -354578862L, 1514968013L, 
1791696263L, 431511662L, 856531016L, -1727622581L, -720203863L, 
-976142600L, 1904466470L, 744182593L, 1047902419L, -1972863870L, 
-1427785036L, -1050776009L, 1599853869L, -2021466556L, -648649878L, 
2036461525L, -2027832977L, -1674324874L, -1695662176L, -1116624797L, 
-1176621823L, -909827984L, 614280206L, -1311044487L, 461003787L, 
1440240954L, -1889377220L, -2117291137L, 165265621L, 1138980076L, 
1020530242L, 1295614365L, 1299608599L, -201414274L, -1065357512L, 
1734125595L, -1359632007L, -1581183032L, 1604588534L, 1007535665L, 
-991674269L, -537182158L, 1441168772L, 979207111L, 1155655325L, 
-1652830700L, 760616122L, 170656005L, 963748575L, -1025241242L, 
1461855984L, -219472365L, -842844239L, -1920499104L, -163282946L, 
804188041L, 1017473211L, -1996422006L, 1247893356L, -125278993L, 
1323290405L, -791037476L, 64251826L, 291073709L, 1260242535L, 
-1430129266L, -1141226904L, 748289643L, -350250999L, -1877801320L, 
1538605510L, -1129148127L, -1533075021L, 189898018L, -1725081836L, 
-1374154857L, -1413754995L, -1217219932L, -2104247158L, -1210944779L, 
930026831L, -1316707754L, 1591361792L, 51098691L, -1015146527L, 
-1291176112L, 1185524142L, 524019545L, -1897501333L, -1117571878L, 
627260828L, -1290608225L, 271737845L, -221023604L, 2146293602L, 
-2107054275L, 514072503L, -1780904866L, -1042308712L, 1904272635L, 
856723609L, -1127276248L, -1803651114L, 387806289L, -882680061L, 
-912796014L, 1475458084L, -950682905L, -311536144L, -1033779772L, 
-1216340136L, -1417122950L, -1102211664L, -705914436L, 61941844L, 
-1012094014L, 752517920L, 1989509052L, 1925565008L, -418677278L, 
1630277992L, -1088123572L, 1288849660L, 125788914L, 1653937920L, 
-1820440972L, -1351227384L, 2090285498L, 712611792L, 1138547180L, 
-2112860268L, -81890606L, 1698917984L, 1302332748L, -1734028000L, 
1012945538L, 976955880L, -1248753684L, -831457732L, 1400516210L, 
-1682431120L, 986278180L, 443527736L, -692977254L, -1120466480L, 
-2007884356L, 42346644L, 494828674L, -615266880L, 1351238460L, 
-1278086000L, 739844898L, 163294728L, -1699681012L, 1912018332L, 
-1874305518L, 1077414784L, -445308140L, 1074073896L, -1144460230L, 
-379786288L, -129400212L, 957561396L, -21882222L, -590111392L, 
1957677388L, 1238915040L, -1797941854L, 915963304L, 1757406860L, 
2069937596L, -1986662798L, 461667312L, 303511108L, -1911687080L, 
-1202169798L, 1780443248L, 1047935036L, -693520108L, 1162969794L, 
-892858656L, -495458180L, 985419472L, 128326050L, -2018512856L, 
-1646109940L, 1410191804L, 2118275890L, 1834588864L, -1167219660L, 
87332552L, -131500870L, -1386744176L, -305221908L, 118909524L, 
1136525970L, -289930976L, -1210553908L, 1694810848L, 2042927298L, 
1262728232L, -1280444500L, -364936516L, -1943893006L, 784838192L, 
1693214628L, -1989431880L, 956065626L, 1825124496L, 1517937532L, 
-933129964L, 649218370L, -149985024L, 988843452L, 826444112L, 
1635526946L, 803947080L, 1638721548L, 247809628L, -919754286L, 
-785445376L, -1349460652L, -829256472L, 780601594L, -598892848L, 
-1150465236L, -380131084L, 291709330L, -865417888L, 2144760844L, 
1243237600L, -545369502L, 1659004072L, 2062566476L, -598155396L, 
1384937778L, 1742299760L, -1101794492L, 972864472L, 513616762L, 
1527871536L, -1386922052L, -816354732L, -1245401022L, 691521184L, 
-695237956L, 2038678480L, -475228830L, 693124840L, 2012781772L, 
200923644L, 1846091250L, -1521574784L, -1777026572L, 1409204872L, 
853408570L, -273291952L, 430064748L, -543519340L, 8775762L, 1304346080L, 
-910445364L, -1735844192L, -264236670L, 841834728L, 1728236268L, 
-1967563460L, -144766862L, 826368624L, 736664100L, -133715912L, 
1791408410L, 278602960L, 1240013116L, -1122561132L, 966055810L, 
268241856L, 2079528508L, 1479131536L, -35887070L, 335793416L, 
-270997364L, -1150398692L, 867581074L, 1910558080L, 1989849108L, 
644982568L, 479602234L, 116672976L, 103235948L, -874726476L, 
1731318290L, 1124210656L, -1018168884L, -366749472L, -488197086L, 
116013864L, 230238732L, 1351594812L, -1014773774L, -1571847440L, 
-2127164860L, 2045146712L, -413231302L, 1067079664L, -937710916L, 
1082803476L, 66579650L, 875883616L, 1025850748L, -1821900848L, 
-1567454942L, 1733070504L, 1639088012L, -1753258820L, -1522592974L, 
1116091968L, 1439298740L, 70798408L, 1507937722L, 1847515664L, 
113151212L, 1704251732L, 100252434L, 1127155104L, -247180596L, 
-1558623648L, 856926146L, 1182425896L, -1557257812L, -1205422788L, 
-20331662L, 278750512L, 1219895076L, 1162863928L, -1105019881L, 
490110432L, -2130024002L, 1498431371L, -398065651L, 528132154L, 
6916216L, 778200097L, 2055010003L, -492763660L, 1212851842L, 
607191831L, 1014878689L, 132849446L, 121489956L, -1522570027L, 
1266228351L, 1349472536L, -189333450L, -326986045L, 216914693L, 
-1549189470L, -59552624L, 492985401L, 2145170667L, -1643207204L, 
-1631958006L, -1474745601L, 701186889L, 2064234718L, -1953552756L, 
-699297187L, -2028851097L, -914248304L, 1436392878L, 256510043L, 
-1904328643L, 84186794L, 382645064L, -845400207L, -2142560029L, 
-768100380L, -613241070L, -991530265L, 1924379825L, 170497782L, 
767623444L, 597800485L, 551062319L, 109280488L, 526966214L, 1770220659L, 
-1216289067L, 245734578L, 501600384L, 1776532585L, -985102117L, 
-626877396L, 201024570L, 1047638767L, 182594937L, -982973938L, 
265253852L, 1010728013L, 1909239735L, -394325696L, -1645823970L, 
1153232619L, 172064365L, -1343576358L, -2053974376L, -2036900607L, 
-389553485L, 963390932L, 1723854050L, -554056329L, -1524138815L, 
662913094L, 1894231940L, -1859319499L, 1873090335L, 1714813560L, 
162832214L, 763592163L, -166259803L, 924197442L, 1515569200L, 
-745786279L, -864491061L, 1743366716L, 604955754L, -548145505L, 
613940009L, 245503934L, -1543756116L, 1881476093L, 229802823L, 
-125852624L, -1664481970L, -787866245L, 463260381L, -458421494L, 
-50558424L, -925490543L, -1286020477L, -1806998652L, 1679739314L, 
-1283852537L, 1488213329L, -87122730L, 1371404724L, 92106181L, 
-1683800817L, 1970523016L, -810085722L, -973602221L, -461157451L, 
834271506L, -1084036384L, -142639287L, -1917349509L, -1455260596L, 
610614746L, 544309199L, 375914905L, -589336146L, -2046849348L, 
-1872232659L, 1923251415L, 899040544L, 129880702L, -772760501L, 
53317197L, 1133458554L, -317786952L, 17710689L, 697041939L, 779498036L, 
1390081090L, 259116119L, 172459937L, -1455343514L, 1890910308L, 
-1976607851L, -225055553L, 548871256L, 1651787894L, -735348605L, 
